[
{
    "instance": {
        "subject": [0, 11, 9, 0, 1, 39, 0],
        "fact": [0, 11, 9, 0, 2, 39, 0],
        "contrast": [2, 11, 9, 1, 2, 39, 1]
    }
},
{
    "instance": {
        "subject": [0, 15, 12, 1, 0, 40, 0],
        "fact": [0, 15, 12, 1, 0, 39, 0],
        "contrast": [2, 13, 12, 1, 2, 39, 1]
    }
},
{
    "instance": {
        "subject": [1, 14, 10, 0, 2, 39, 0],
        "fact": [0, 14, 10, 0, 2, 39, 0],
        "contrast": [2, 12, 10, 1, 2, 39, 1]
    }
},
{
    "instance": {
        "subject": [0, 8, 7, 0, 2, 39, 0],
        "fact": [0, 7, 7, 0, 2, 39, 0],
        "contrast": [2, 9, 7, 1, 2, 39, 1]
    }
},
{
    "instance": {
        "subject": [0, 6, 7, 1, 0, 39, 0],
        "fact": [0, 6, 7, 1, 1, 39, 0],
        "contrast": [2, 8, 7, 1, 2, 39, 1]
    }
},
{
    "instance": {
        "subject": [2, 15, 10, 1, 1, 39, 0],
        "fact": [1, 15, 10, 0, 1, 39, 0],
        "contrast": [2, 14, 10, 1, 2, 39, 1]
    }
},
{
    "instance": {
        "subject": [1, 8, 5, 0, 2, 39, 0],
        "fact": [0, 8, 5, 0, 2, 39, 0],
        "contrast": [2, 8, 5, 1, 2, 39, 1]
    }
},
{
    "instance": {
        "subject": [3, 11, 10, 0, 2, 40, 1],
        "fact": [2, 11, 10, 1, 2, 39, 1],
        "contrast": [2, 11, 10, 0, 0, 40, 0]
    }
},
{
    "instance": {
        "subject": [3, 9, 5, 0, 2, 39, 1],
        "fact": [2, 9, 5, 1, 2, 39, 1],
        "contrast": [2, 9, 5, 0, 0, 39, 0]
    }
},
{
    "instance": {
        "subject": [0, 11, 7, 1, 2, 39, 0],
        "fact": [0, 11, 7, 0, 2, 39, 0],
        "contrast": [2, 11, 7, 1, 2, 39, 1]
    }
},
{
    "instance": {
        "subject": [0, 9, 13, 1, 0, 39, 0],
        "fact": [0, 9, 14, 1, 0, 39, 0],
        "contrast": [2, 10, 12, 1, 2, 39, 1]
    }
},
{
    "instance": {
        "subject": [3, 11, 3, 0, 0, 36, 0],
        "fact": [2, 11, 3, 1, 0, 36, 0],
        "contrast": [2, 10, 3, 1, 2, 39, 1]
    }
},
{
    "instance": {
        "subject": [1, 7, 6, 0, 0, 39, 0],
        "fact": [2, 7, 6, 0, 0, 39, 0],
        "contrast": [2, 8, 6, 1, 2, 39, 1]
    }
},
{
    "instance": {
        "subject": [2, 12, 10, 1, 2, 39, 1],
        "fact": [2, 12, 11, 1, 2, 39, 1],
        "contrast": [0, 12, 10, 0, 2, 39, 0]
    }
},
{
    "instance": {
        "subject": [3, 11, 7, 1, 2, 36, 1],
        "fact": [2, 11, 8, 1, 2, 37, 1],
        "contrast": [2, 11, 8, 0, 0, 35, 0]
    }
},
{
    "instance": {
        "subject": [0, 9, 11, 1, 1, 39, 0],
        "fact": [0, 9, 11, 0, 2, 39, 0],
        "contrast": [2, 9, 11, 1, 2, 39, 1]
    }
},
{
    "instance": {
        "subject": [3, 9, 8, 1, 0, 39, 0],
        "fact": [2, 9, 8, 1, 0, 39, 0],
        "contrast": [2, 9, 8, 1, 2, 39, 1]
    }
},
{
    "instance": {
        "subject": [1, 15, 12, 0, 0, 39, 0],
        "fact": [1, 15, 13, 0, 0, 39, 0],
        "contrast": [2, 14, 12, 1, 2, 39, 1]
    }
},
{
    "instance": {
        "subject": [1, 8, 8, 0, 2, 39, 0],
        "fact": [0, 8, 8, 0, 2, 39, 0],
        "contrast": [2, 9, 8, 1, 2, 39, 1]
    }
},
{
    "instance": {
        "subject": [0, 6, 10, 0, 0, 39, 0],
        "fact": [0, 5, 10, 0, 0, 39, 0],
        "contrast": [2, 8, 10, 1, 2, 39, 1]
    }
},
{
    "instance": {
        "subject": [3, 11, 14, 1, 0, 39, 0],
        "fact": [2, 11, 14, 0, 0, 39, 0],
        "contrast": [2, 11, 12, 1, 2, 39, 1]
    }
},
{
    "instance": {
        "subject": [3, 12, 13, 0, 2, 39, 0],
        "fact": [2, 12, 14, 0, 1, 39, 0],
        "contrast": [2, 12, 12, 1, 2, 39, 1]
    }
},
{
    "instance": {
        "subject": [1, 11, 4, 1, 1, 39, 0],
        "fact": [0, 11, 4, 1, 1, 39, 0],
        "contrast": [2, 11, 4, 1, 2, 39, 1]
    }
},
{
    "instance": {
        "subject": [3, 8, 13, 0, 0, 39, 0],
        "fact": [2, 8, 13, 0, 0, 39, 0],
        "contrast": [2, 9, 12, 1, 2, 39, 1]
    }
},
{
    "instance": {
        "subject": [0, 15, 8, 1, 0, 37, 0],
        "fact": [1, 15, 8, 1, 0, 36, 0],
        "contrast": [2, 12, 10, 1, 2, 39, 1]
    }
},
{
    "instance": {
        "subject": [0, 9, 10, 1, 0, 39, 0],
        "fact": [0, 9, 10, 0, 0, 39, 0],
        "contrast": [2, 10, 10, 1, 2, 39, 1]
    }
},
{
    "instance": {
        "subject": [1, 12, 10, 0, 1, 39, 0],
        "fact": [0, 12, 10, 0, 1, 39, 0],
        "contrast": [2, 12, 10, 1, 2, 39, 1]
    }
},
{
    "instance": {
        "subject": [0, 8, 12, 1, 1, 39, 0],
        "fact": [0, 8, 12, 0, 1, 39, 0],
        "contrast": [2, 9, 11, 1, 2, 39, 1]
    }
},
{
    "instance": {
        "subject": [2, 10, 12, 0, 0, 39, 0],
        "fact": [1, 10, 12, 0, 0, 39, 0],
        "contrast": [2, 11, 11, 1, 2, 39, 1]
    }
},
{
    "instance": {
        "subject": [2, 9, 7, 1, 1, 39, 0],
        "fact": [2, 9, 7, 1, 0, 39, 0],
        "contrast": [2, 9, 7, 1, 2, 39, 1]
    }
},
{
    "instance": {
        "subject": [2, 14, 11, 0, 0, 39, 0],
        "fact": [1, 14, 11, 0, 0, 39, 0],
        "contrast": [2, 12, 11, 1, 2, 39, 1]
    }
},
{
    "instance": {
        "subject": [3, 14, 13, 1, 0, 39, 0],
        "fact": [2, 14, 14, 0, 0, 39, 0],
        "contrast": [2, 14, 12, 1, 2, 39, 1]
    }
},
{
    "instance": {
        "subject": [1, 9, 8, 1, 0, 39, 0],
        "fact": [1, 9, 8, 0, 0, 39, 0],
        "contrast": [2, 9, 8, 1, 2, 39, 1]
    }
},
{
    "instance": {
        "subject": [0, 7, 13, 1, 0, 39, 0],
        "fact": [0, 7, 14, 1, 0, 39, 0],
        "contrast": [2, 8, 12, 1, 2, 39, 1]
    }
},
{
    "instance": {
        "subject": [1, 7, 8, 0, 0, 39, 0],
        "fact": [1, 6, 8, 0, 0, 39, 0],
        "contrast": [2, 8, 8, 1, 2, 39, 1]
    }
},
{
    "instance": {
        "subject": [0, 12, 1, 0, 2, 39, 0],
        "fact": [0, 11, 1, 0, 2, 39, 0],
        "contrast": [2, 11, 3, 1, 2, 39, 1]
    }
},
{
    "instance": {
        "subject": [2, 12, 11, 1, 0, 36, 0],
        "fact": [0, 12, 12, 1, 0, 36, 0],
        "contrast": [2, 11, 10, 1, 2, 36, 1]
    }
},
{
    "instance": {
        "subject": [0, 8, 12, 0, 1, 39, 0],
        "fact": [0, 8, 12, 0, 2, 39, 0],
        "contrast": [2, 9, 11, 1, 2, 39, 1]
    }
},
{
    "instance": {
        "subject": [1, 12, 12, 0, 0, 39, 0],
        "fact": [1, 12, 13, 0, 0, 39, 0],
        "contrast": [2, 12, 11, 1, 2, 39, 1]
    }
},
{
    "instance": {
        "subject": [0, 13, 12, 1, 2, 39, 0],
        "fact": [0, 14, 12, 0, 2, 39, 0],
        "contrast": [2, 12, 11, 1, 2, 39, 1]
    }
},
{
    "instance": {
        "subject": [1, 10, 8, 0, 2, 39, 0],
        "fact": [0, 11, 8, 0, 2, 39, 0],
        "contrast": [2, 10, 8, 1, 2, 39, 1]
    }
},
{
    "instance": {
        "subject": [3, 7, 10, 0, 0, 39, 0],
        "fact": [2, 7, 10, 0, 0, 39, 0],
        "contrast": [2, 8, 10, 1, 2, 39, 1]
    }
},
{
    "instance": {
        "subject": [1, 7, 3, 0, 0, 39, 0],
        "fact": [1, 6, 3, 0, 0, 39, 0],
        "contrast": [2, 8, 3, 1, 2, 39, 1]
    }
},
{
    "instance": {
        "subject": [2, 11, 5, 1, 2, 39, 1],
        "fact": [2, 11, 6, 1, 2, 39, 1],
        "contrast": [1, 11, 5, 0, 2, 39, 0]
    }
},
{
    "instance": {
        "subject": [0, 14, 4, 1, 2, 39, 0],
        "fact": [0, 14, 4, 0, 2, 39, 0],
        "contrast": [2, 12, 4, 1, 2, 39, 1]
    }
},
{
    "instance": {
        "subject": [1, 14, 7, 1, 1, 39, 0],
        "fact": [1, 14, 7, 1, 0, 39, 0],
        "contrast": [2, 14, 8, 1, 2, 39, 1]
    }
},
{
    "instance": {
        "subject": [3, 7, 11, 1, 1, 39, 0],
        "fact": [2, 7, 11, 0, 0, 39, 0],
        "contrast": [2, 8, 11, 1, 2, 39, 1]
    }
},
{
    "instance": {
        "subject": [2, 9, 8, 0, 2, 39, 0],
        "fact": [1, 9, 8, 0, 2, 39, 0],
        "contrast": [2, 9, 8, 1, 2, 39, 1]
    }
},
{
    "instance": {
        "subject": [2, 9, 12, 0, 2, 39, 0],
        "fact": [1, 9, 12, 0, 2, 39, 0],
        "contrast": [2, 9, 12, 1, 2, 39, 1]
    }
},
{
    "instance": {
        "subject": [2, 12, 13, 0, 0, 39, 0],
        "fact": [2, 12, 14, 0, 0, 39, 0],
        "contrast": [2, 12, 12, 1, 2, 39, 1]
    }
},
{
    "instance": {
        "subject": [1, 7, 7, 0, 0, 39, 0],
        "fact": [2, 7, 7, 0, 0, 39, 0],
        "contrast": [2, 8, 7, 1, 2, 39, 1]
    }
},
{
    "instance": {
        "subject": [0, 14, 14, 0, 2, 39, 0],
        "fact": [0, 15, 14, 0, 2, 39, 0],
        "contrast": [2, 14, 12, 1, 2, 39, 1]
    }
},
{
    "instance": {
        "subject": [2, 11, 14, 1, 0, 41, 0],
        "fact": [2, 11, 14, 0, 0, 39, 0],
        "contrast": [2, 11, 12, 1, 2, 40, 1]
    }
},
{
    "instance": {
        "subject": [2, 14, 8, 1, 0, 39, 0],
        "fact": [2, 14, 8, 0, 0, 39, 0],
        "contrast": [2, 14, 8, 1, 2, 39, 1]
    }
},
{
    "instance": {
        "subject": [1, 10, 8, 0, 1, 39, 0],
        "fact": [1, 10, 8, 0, 0, 39, 0],
        "contrast": [2, 10, 8, 1, 2, 39, 1]
    }
},
{
    "instance": {
        "subject": [2, 11, 14, 0, 1, 39, 0],
        "fact": [1, 11, 14, 0, 1, 39, 0],
        "contrast": [2, 11, 12, 1, 2, 39, 1]
    }
},
{
    "instance": {
        "subject": [1, 10, 12, 0, 1, 39, 0],
        "fact": [0, 10, 13, 0, 1, 39, 0],
        "contrast": [2, 10, 11, 1, 2, 39, 1]
    }
},
{
    "instance": {
        "subject": [0, 10, 8, 1, 0, 39, 0],
        "fact": [0, 10, 8, 0, 0, 39, 0],
        "contrast": [2, 10, 8, 1, 2, 39, 1]
    }
},
{
    "instance": {
        "subject": [0, 15, 9, 0, 2, 39, 0],
        "fact": [0, 15, 8, 0, 2, 39, 0],
        "contrast": [2, 14, 10, 1, 2, 39, 1]
    }
},
{
    "instance": {
        "subject": [0, 12, 3, 1, 1, 39, 0],
        "fact": [0, 12, 3, 0, 1, 39, 0],
        "contrast": [2, 11, 3, 1, 2, 39, 1]
    }
},
{
    "instance": {
        "subject": [1, 15, 10, 0, 1, 39, 0],
        "fact": [0, 15, 10, 0, 1, 39, 0],
        "contrast": [2, 14, 10, 1, 2, 39, 1]
    }
},
{
    "instance": {
        "subject": [0, 14, 14, 1, 1, 39, 0],
        "fact": [0, 14, 14, 1, 0, 39, 0],
        "contrast": [2, 13, 12, 1, 2, 39, 1]
    }
},
{
    "instance": {
        "subject": [2, 7, 10, 1, 0, 39, 0],
        "fact": [2, 7, 10, 0, 0, 39, 0],
        "contrast": [2, 8, 10, 1, 2, 39, 1]
    }
},
{
    "instance": {
        "subject": [2, 11, 7, 0, 2, 39, 0],
        "fact": [1, 11, 7, 0, 2, 39, 0],
        "contrast": [2, 11, 7, 1, 2, 39, 1]
    }
},
{
    "instance": {
        "subject": [0, 7, 7, 0, 0, 39, 0],
        "fact": [0, 7, 7, 1, 0, 39, 0],
        "contrast": [2, 8, 7, 1, 2, 39, 1]
    }
},
{
    "instance": {
        "subject": [3, 7, 14, 0, 2, 39, 0],
        "fact": [2, 7, 14, 0, 1, 39, 0],
        "contrast": [2, 8, 12, 1, 2, 39, 1]
    }
},
{
    "instance": {
        "subject": [2, 9, 8, 1, 2, 35, 0],
        "fact": [1, 9, 7, 1, 0, 35, 0],
        "contrast": [2, 9, 10, 1, 2, 35, 1]
    }
},
{
    "instance": {
        "subject": [0, 7, 9, 0, 1, 39, 0],
        "fact": [0, 7, 8, 0, 1, 39, 0],
        "contrast": [2, 8, 9, 1, 2, 39, 1]
    }
},
{
    "instance": {
        "subject": [0, 8, 6, 0, 1, 39, 0],
        "fact": [0, 8, 6, 0, 2, 39, 0],
        "contrast": [2, 9, 6, 1, 2, 39, 1]
    }
},
{
    "instance": {
        "subject": [1, 9, 12, 1, 2, 39, 0],
        "fact": [0, 9, 12, 0, 2, 39, 0],
        "contrast": [2, 9, 12, 1, 2, 39, 1]
    }
},
{
    "instance": {
        "subject": [3, 8, 12, 1, 0, 39, 0],
        "fact": [2, 8, 12, 0, 0, 39, 0],
        "contrast": [2, 9, 11, 1, 2, 39, 1]
    }
},
{
    "instance": {
        "subject": [2, 10, 13, 0, 2, 39, 0],
        "fact": [1, 10, 14, 0, 2, 39, 0],
        "contrast": [2, 10, 12, 1, 2, 39, 1]
    }
},
{
    "instance": {
        "subject": [1, 11, 9, 1, 0, 39, 0],
        "fact": [0, 11, 9, 1, 0, 39, 0],
        "contrast": [2, 11, 9, 1, 2, 39, 1]
    }
},
{
    "instance": {
        "subject": [3, 9, 8, 0, 1, 39, 0],
        "fact": [2, 9, 8, 0, 0, 39, 0],
        "contrast": [2, 9, 8, 1, 2, 39, 1]
    }
},
{
    "instance": {
        "subject": [0, 8, 11, 0, 0, 39, 0],
        "fact": [0, 8, 12, 0, 0, 39, 0],
        "contrast": [2, 9, 11, 1, 2, 39, 1]
    }
},
{
    "instance": {
        "subject": [0, 9, 4, 1, 0, 39, 0],
        "fact": [0, 9, 5, 1, 0, 39, 0],
        "contrast": [2, 9, 4, 1, 2, 39, 1]
    }
},
{
    "instance": {
        "subject": [0, 10, 11, 0, 0, 39, 0],
        "fact": [0, 10, 12, 0, 0, 39, 0],
        "contrast": [2, 10, 11, 1, 2, 39, 1]
    }
},
{
    "instance": {
        "subject": [3, 8, 3, 0, 1, 36, 0],
        "fact": [2, 9, 3, 0, 0, 36, 0],
        "contrast": [2, 9, 3, 1, 2, 37, 1]
    }
},
{
    "instance": {
        "subject": [2, 15, 9, 0, 0, 39, 0],
        "fact": [1, 15, 9, 0, 0, 39, 0],
        "contrast": [2, 14, 10, 1, 2, 39, 1]
    }
},
{
    "instance": {
        "subject": [0, 11, 10, 0, 0, 40, 0],
        "fact": [0, 11, 10, 0, 0, 39, 0],
        "contrast": [2, 11, 10, 1, 2, 39, 1]
    }
},
{
    "instance": {
        "subject": [3, 10, 10, 0, 2, 39, 1],
        "fact": [2, 10, 10, 1, 2, 39, 1],
        "contrast": [2, 10, 10, 0, 1, 39, 0]
    }
},
{
    "instance": {
        "subject": [0, 11, 10, 1, 1, 36, 0],
        "fact": [0, 11, 10, 1, 2, 36, 0],
        "contrast": [2, 11, 10, 1, 2, 39, 1]
    }
},
{
    "instance": {
        "subject": [2, 7, 5, 0, 1, 39, 0],
        "fact": [2, 7, 5, 0, 0, 39, 0],
        "contrast": [2, 8, 5, 1, 2, 39, 1]
    }
},
{
    "instance": {
        "subject": [0, 10, 8, 1, 2, 39, 0],
        "fact": [0, 10, 8, 0, 2, 39, 0],
        "contrast": [2, 10, 8, 1, 2, 39, 1]
    }
},
{
    "instance": {
        "subject": [0, 7, 6, 0, 0, 39, 0],
        "fact": [0, 7, 6, 1, 0, 39, 0],
        "contrast": [2, 8, 6, 1, 2, 39, 1]
    }
},
{
    "instance": {
        "subject": [1, 12, 14, 0, 0, 39, 0],
        "fact": [0, 12, 14, 0, 0, 39, 0],
        "contrast": [2, 12, 12, 1, 2, 39, 1]
    }
},
{
    "instance": {
        "subject": [1, 11, 8, 1, 0, 39, 0],
        "fact": [1, 11, 8, 0, 0, 39, 0],
        "contrast": [2, 11, 8, 1, 2, 39, 1]
    }
},
{
    "instance": {
        "subject": [2, 9, 12, 1, 2, 39, 1],
        "fact": [2, 9, 11, 1, 2, 39, 1],
        "contrast": [1, 9, 13, 0, 2, 39, 0]
    }
},
{
    "instance": {
        "subject": [2, 11, 14, 0, 2, 39, 0],
        "fact": [1, 11, 14, 0, 2, 39, 0],
        "contrast": [2, 11, 13, 1, 2, 39, 1]
    }
},
{
    "instance": {
        "subject": [0, 11, 1, 1, 0, 40, 0],
        "fact": [0, 11, 1, 1, 0, 39, 0],
        "contrast": [2, 10, 3, 1, 2, 39, 1]
    }
},
{
    "instance": {
        "subject": [0, 9, 6, 1, 1, 39, 0],
        "fact": [0, 9, 6, 1, 0, 39, 0],
        "contrast": [2, 9, 6, 1, 2, 39, 1]
    }
},
{
    "instance": {
        "subject": [2, 11, 14, 0, 2, 36, 0],
        "fact": [2, 11, 14, 0, 2, 35, 0],
        "contrast": [2, 11, 12, 1, 2, 39, 1]
    }
},
{
    "instance": {
        "subject": [1, 8, 4, 0, 2, 39, 0],
        "fact": [0, 8, 4, 0, 2, 39, 0],
        "contrast": [2, 8, 4, 1, 2, 39, 1]
    }
},
{
    "instance": {
        "subject": [3, 9, 10, 1, 0, 40, 0],
        "fact": [2, 9, 10, 1, 0, 40, 0],
        "contrast": [2, 10, 10, 1, 2, 39, 1]
    }
},
{
    "instance": {
        "subject": [2, 9, 8, 1, 0, 39, 0],
        "fact": [2, 9, 8, 0, 0, 39, 0],
        "contrast": [2, 9, 8, 1, 2, 39, 1]
    }
},
{
    "instance": {
        "subject": [2, 11, 7, 1, 1, 39, 0],
        "fact": [2, 11, 7, 1, 0, 39, 0],
        "contrast": [2, 11, 7, 1, 2, 39, 1]
    }
},
{
    "instance": {
        "subject": [1, 9, 3, 0, 1, 39, 0],
        "fact": [0, 9, 3, 0, 1, 39, 0],
        "contrast": [2, 9, 3, 1, 2, 39, 1]
    }
},
{
    "instance": {
        "subject": [2, 12, 5, 0, 2, 39, 0],
        "fact": [1, 12, 5, 0, 2, 39, 0],
        "contrast": [2, 12, 5, 1, 2, 39, 1]
    }
},
{
    "instance": {
        "subject": [3, 7, 7, 0, 2, 39, 0],
        "fact": [2, 7, 7, 0, 2, 39, 0],
        "contrast": [2, 8, 7, 1, 2, 39, 1]
    }
},
{
    "instance": {
        "subject": [1, 10, 12, 1, 0, 40, 0],
        "fact": [1, 10, 12, 0, 0, 39, 0],
        "contrast": [2, 11, 12, 1, 2, 40, 1]
    }
},
{
    "instance": {
        "subject": [0, 8, 12, 0, 0, 39, 0],
        "fact": [0, 8, 13, 0, 0, 39, 0],
        "contrast": [2, 9, 11, 1, 2, 39, 1]
    }
},
{
    "instance": {
        "subject": [2, 9, 3, 1, 2, 37, 1],
        "fact": [2, 9, 3, 1, 2, 39, 1],
        "contrast": [0, 9, 4, 0, 2, 36, 0]
    }
},
{
    "instance": {
        "subject": [0, 9, 11, 0, 2, 39, 0],
        "fact": [0, 9, 12, 0, 2, 39, 0],
        "contrast": [2, 9, 11, 1, 2, 39, 1]
    }
},
{
    "instance": {
        "subject": [0, 11, 3, 1, 2, 39, 0],
        "fact": [0, 11, 3, 0, 2, 39, 0],
        "contrast": [2, 11, 3, 1, 2, 39, 1]
    }
},
{
    "instance": {
        "subject": [1, 12, 10, 0, 0, 38, 0],
        "fact": [1, 12, 10, 0, 0, 39, 0],
        "contrast": [2, 12, 10, 1, 2, 39, 1]
    }
},
{
    "instance": {
        "subject": [1, 9, 10, 1, 2, 33, 0],
        "fact": [0, 9, 10, 1, 2, 34, 0],
        "contrast": [2, 9, 10, 1, 2, 36, 1]
    }
},
{
    "instance": {
        "subject": [1, 8, 11, 1, 2, 39, 0],
        "fact": [0, 8, 11, 1, 2, 39, 0],
        "contrast": [2, 8, 11, 1, 2, 39, 1]
    }
},
{
    "instance": {
        "subject": [2, 11, 3, 0, 2, 35, 0],
        "fact": [0, 11, 4, 0, 2, 36, 0],
        "contrast": [2, 11, 3, 1, 2, 37, 1]
    }
},
{
    "instance": {
        "subject": [2, 7, 6, 0, 2, 39, 0],
        "fact": [1, 7, 6, 0, 2, 39, 0],
        "contrast": [2, 8, 6, 1, 2, 39, 1]
    }
},
{
    "instance": {
        "subject": [2, 9, 2, 0, 0, 39, 0],
        "fact": [2, 9, 1, 0, 0, 39, 0],
        "contrast": [2, 9, 3, 1, 2, 39, 1]
    }
},
{
    "instance": {
        "subject": [0, 9, 4, 1, 1, 39, 0],
        "fact": [0, 9, 4, 0, 1, 39, 0],
        "contrast": [2, 9, 4, 1, 2, 39, 1]
    }
},
{
    "instance": {
        "subject": [1, 14, 10, 1, 0, 41, 0],
        "fact": [0, 15, 10, 1, 1, 40, 0],
        "contrast": [2, 14, 10, 1, 2, 39, 1]
    }
},
{
    "instance": {
        "subject": [1, 15, 10, 0, 0, 39, 0],
        "fact": [0, 15, 10, 0, 0, 39, 0],
        "contrast": [2, 14, 10, 1, 2, 39, 1]
    }
},
{
    "instance": {
        "subject": [1, 9, 5, 1, 2, 39, 0],
        "fact": [0, 9, 5, 0, 2, 39, 0],
        "contrast": [2, 9, 5, 1, 2, 39, 1]
    }
},
{
    "instance": {
        "subject": [0, 15, 10, 1, 0, 39, 0],
        "fact": [0, 15, 10, 0, 0, 39, 0],
        "contrast": [2, 14, 10, 1, 2, 39, 1]
    }
},
{
    "instance": {
        "subject": [0, 9, 14, 1, 0, 39, 0],
        "fact": [0, 9, 14, 0, 0, 39, 0],
        "contrast": [2, 10, 12, 1, 2, 39, 1]
    }
},
{
    "instance": {
        "subject": [1, 7, 4, 0, 1, 39, 0],
        "fact": [1, 6, 4, 0, 1, 39, 0],
        "contrast": [2, 8, 4, 1, 2, 39, 1]
    }
},
{
    "instance": {
        "subject": [1, 12, 11, 0, 0, 39, 0],
        "fact": [0, 12, 11, 0, 0, 39, 0],
        "contrast": [2, 12, 11, 1, 2, 39, 1]
    }
},
{
    "instance": {
        "subject": [3, 9, 8, 1, 2, 39, 1],
        "fact": [2, 9, 8, 1, 2, 39, 1],
        "contrast": [2, 9, 8, 0, 1, 39, 0]
    }
},
{
    "instance": {
        "subject": [0, 12, 5, 0, 2, 39, 0],
        "fact": [0, 13, 5, 0, 2, 39, 0],
        "contrast": [2, 11, 5, 1, 2, 39, 1]
    }
},
{
    "instance": {
        "subject": [1, 8, 13, 0, 0, 39, 0],
        "fact": [1, 8, 14, 0, 0, 39, 0],
        "contrast": [2, 9, 12, 1, 2, 39, 1]
    }
},
{
    "instance": {
        "subject": [2, 7, 14, 0, 1, 39, 0],
        "fact": [2, 7, 14, 0, 0, 39, 0],
        "contrast": [2, 8, 12, 1, 2, 39, 1]
    }
},
{
    "instance": {
        "subject": [1, 12, 9, 0, 0, 39, 0],
        "fact": [0, 12, 9, 0, 0, 39, 0],
        "contrast": [2, 12, 10, 1, 2, 39, 1]
    }
},
{
    "instance": {
        "subject": [0, 11, 10, 0, 1, 39, 0],
        "fact": [0, 11, 10, 0, 2, 39, 0],
        "contrast": [2, 11, 10, 1, 2, 39, 1]
    }
},
{
    "instance": {
        "subject": [3, 7, 10, 0, 1, 39, 0],
        "fact": [2, 7, 10, 0, 0, 39, 0],
        "contrast": [2, 8, 10, 1, 2, 39, 1]
    }
},
{
    "instance": {
        "subject": [0, 12, 4, 0, 0, 39, 0],
        "fact": [0, 12, 4, 0, 1, 39, 0],
        "contrast": [2, 11, 4, 1, 2, 39, 1]
    }
},
{
    "instance": {
        "subject": [2, 13, 4, 1, 2, 39, 0],
        "fact": [1, 14, 4, 0, 2, 39, 0],
        "contrast": [2, 12, 4, 1, 2, 39, 1]
    }
},
{
    "instance": {
        "subject": [0, 12, 11, 0, 1, 39, 0],
        "fact": [0, 12, 12, 0, 1, 39, 0],
        "contrast": [2, 12, 11, 1, 2, 39, 1]
    }
},
{
    "instance": {
        "subject": [0, 9, 4, 0, 1, 39, 0],
        "fact": [0, 9, 4, 0, 2, 39, 0],
        "contrast": [2, 9, 4, 1, 2, 39, 1]
    }
},
{
    "instance": {
        "subject": [2, 9, 14, 1, 0, 35, 0],
        "fact": [1, 10, 14, 1, 0, 36, 0],
        "contrast": [2, 11, 12, 1, 2, 35, 1]
    }
},
{
    "instance": {
        "subject": [0, 12, 7, 0, 1, 39, 0],
        "fact": [0, 12, 7, 0, 2, 39, 0],
        "contrast": [2, 12, 8, 1, 2, 39, 1]
    }
},
{
    "instance": {
        "subject": [3, 11, 7, 0, 0, 39, 0],
        "fact": [2, 11, 7, 0, 0, 39, 0],
        "contrast": [2, 11, 7, 1, 2, 39, 1]
    }
},
{
    "instance": {
        "subject": [2, 11, 6, 1, 2, 37, 1],
        "fact": [2, 11, 6, 1, 2, 39, 1],
        "contrast": [0, 12, 6, 0, 2, 36, 0]
    }
},
{
    "instance": {
        "subject": [0, 8, 12, 1, 2, 40, 0],
        "fact": [0, 8, 12, 0, 2, 39, 0],
        "contrast": [2, 9, 11, 1, 2, 39, 1]
    }
},
{
    "instance": {
        "subject": [3, 14, 10, 1, 2, 39, 1],
        "fact": [2, 14, 10, 1, 2, 39, 1],
        "contrast": [2, 14, 10, 0, 1, 39, 0]
    }
},
{
    "instance": {
        "subject": [1, 11, 11, 0, 1, 39, 0],
        "fact": [0, 11, 11, 0, 1, 39, 0],
        "contrast": [2, 11, 11, 1, 2, 39, 1]
    }
},
{
    "instance": {
        "subject": [0, 14, 10, 1, 1, 39, 0],
        "fact": [0, 14, 10, 0, 2, 39, 0],
        "contrast": [2, 12, 10, 1, 2, 39, 1]
    }
},
{
    "instance": {
        "subject": [2, 12, 4, 1, 2, 39, 1],
        "fact": [2, 11, 4, 1, 2, 39, 1],
        "contrast": [1, 12, 4, 0, 2, 39, 0]
    }
},
{
    "instance": {
        "subject": [3, 12, 2, 1, 0, 39, 0],
        "fact": [2, 12, 1, 1, 0, 39, 0],
        "contrast": [2, 11, 3, 1, 2, 39, 1]
    }
},
{
    "instance": {
        "subject": [0, 15, 14, 1, 2, 39, 0],
        "fact": [0, 15, 14, 0, 2, 39, 0],
        "contrast": [2, 14, 12, 1, 2, 39, 1]
    }
},
{
    "instance": {
        "subject": [0, 7, 5, 1, 1, 39, 0],
        "fact": [0, 7, 6, 1, 1, 39, 0],
        "contrast": [2, 8, 5, 1, 2, 39, 1]
    }
},
{
    "instance": {
        "subject": [1, 9, 4, 0, 2, 39, 0],
        "fact": [0, 9, 4, 0, 2, 39, 0],
        "contrast": [2, 9, 4, 1, 2, 39, 1]
    }
},
{
    "instance": {
        "subject": [3, 11, 14, 0, 2, 39, 0],
        "fact": [2, 11, 14, 0, 2, 39, 0],
        "contrast": [2, 11, 12, 1, 2, 39, 1]
    }
},
{
    "instance": {
        "subject": [0, 8, 14, 1, 1, 39, 0],
        "fact": [0, 8, 14, 0, 1, 39, 0],
        "contrast": [2, 9, 12, 1, 2, 39, 1]
    }
},
{
    "instance": {
        "subject": [0, 11, 6, 1, 0, 40, 0],
        "fact": [0, 11, 6, 1, 0, 39, 0],
        "contrast": [2, 11, 6, 1, 2, 39, 1]
    }
},
{
    "instance": {
        "subject": [2, 14, 12, 1, 1, 39, 0],
        "fact": [1, 14, 12, 0, 1, 39, 0],
        "contrast": [2, 14, 12, 1, 2, 39, 1]
    }
},
{
    "instance": {
        "subject": [2, 12, 8, 0, 1, 39, 0],
        "fact": [2, 12, 8, 0, 0, 39, 0],
        "contrast": [2, 12, 8, 1, 2, 39, 1]
    }
},
{
    "instance": {
        "subject": [3, 8, 14, 0, 2, 39, 0],
        "fact": [2, 9, 14, 0, 2, 39, 0],
        "contrast": [2, 9, 12, 1, 2, 39, 1]
    }
},
{
    "instance": {
        "subject": [0, 9, 10, 0, 0, 40, 0],
        "fact": [0, 9, 10, 0, 0, 39, 0],
        "contrast": [2, 10, 10, 1, 2, 39, 1]
    }
},
{
    "instance": {
        "subject": [1, 12, 13, 0, 0, 39, 0],
        "fact": [1, 12, 14, 0, 0, 39, 0],
        "contrast": [2, 12, 12, 1, 2, 39, 1]
    }
},
{
    "instance": {
        "subject": [0, 11, 9, 1, 2, 40, 0],
        "fact": [0, 11, 9, 0, 2, 39, 0],
        "contrast": [2, 11, 9, 1, 2, 39, 1]
    }
},
{
    "instance": {
        "subject": [0, 12, 4, 1, 2, 39, 0],
        "fact": [0, 12, 4, 0, 2, 39, 0],
        "contrast": [2, 11, 4, 1, 2, 39, 1]
    }
},
{
    "instance": {
        "subject": [1, 7, 10, 0, 0, 36, 0],
        "fact": [0, 7, 11, 1, 0, 36, 0],
        "contrast": [2, 8, 10, 1, 2, 36, 1]
    }
},
{
    "instance": {
        "subject": [1, 14, 14, 0, 0, 39, 0],
        "fact": [0, 14, 14, 0, 0, 39, 0],
        "contrast": [2, 14, 12, 1, 2, 39, 1]
    }
},
{
    "instance": {
        "subject": [2, 7, 11, 1, 0, 39, 0],
        "fact": [2, 7, 11, 0, 0, 39, 0],
        "contrast": [2, 8, 11, 1, 2, 39, 1]
    }
},
{
    "instance": {
        "subject": [1, 8, 3, 0, 2, 39, 0],
        "fact": [0, 8, 3, 0, 2, 39, 0],
        "contrast": [2, 8, 3, 1, 2, 39, 1]
    }
},
{
    "instance": {
        "subject": [0, 12, 8, 0, 1, 39, 0],
        "fact": [0, 12, 8, 0, 2, 39, 0],
        "contrast": [2, 12, 8, 1, 2, 39, 1]
    }
},
{
    "instance": {
        "subject": [0, 7, 12, 1, 0, 40, 0],
        "fact": [0, 7, 12, 1, 0, 39, 0],
        "contrast": [2, 9, 11, 1, 2, 39, 1]
    }
},
{
    "instance": {
        "subject": [1, 8, 8, 1, 0, 39, 0],
        "fact": [0, 8, 8, 1, 0, 39, 0],
        "contrast": [2, 9, 8, 1, 2, 39, 1]
    }
},
{
    "instance": {
        "subject": [0, 7, 5, 0, 0, 39, 0],
        "fact": [0, 7, 5, 0, 1, 39, 0],
        "contrast": [2, 8, 5, 1, 2, 39, 1]
    }
},
{
    "instance": {
        "subject": [3, 11, 9, 1, 1, 39, 1],
        "fact": [2, 11, 9, 1, 2, 39, 1],
        "contrast": [2, 11, 9, 0, 0, 39, 0]
    }
},
{
    "instance": {
        "subject": [2, 14, 14, 1, 1, 39, 0],
        "fact": [2, 14, 14, 0, 0, 39, 0],
        "contrast": [2, 14, 12, 1, 2, 39, 1]
    }
},
{
    "instance": {
        "subject": [1, 14, 13, 1, 0, 39, 0],
        "fact": [1, 14, 13, 0, 0, 39, 0],
        "contrast": [2, 13, 12, 1, 2, 39, 1]
    }
},
{
    "instance": {
        "subject": [2, 12, 12, 1, 1, 39, 0],
        "fact": [2, 12, 12, 0, 0, 39, 0],
        "contrast": [2, 12, 12, 1, 2, 39, 1]
    }
},
{
    "instance": {
        "subject": [2, 15, 9, 1, 1, 39, 0],
        "fact": [1, 15, 9, 0, 1, 39, 0],
        "contrast": [2, 14, 10, 1, 2, 39, 1]
    }
},
{
    "instance": {
        "subject": [0, 11, 7, 1, 0, 37, 0],
        "fact": [0, 11, 8, 1, 0, 36, 0],
        "contrast": [2, 11, 8, 1, 2, 39, 1]
    }
},
{
    "instance": {
        "subject": [2, 13, 8, 0, 0, 39, 0],
        "fact": [2, 14, 8, 0, 0, 39, 0],
        "contrast": [2, 13, 9, 1, 2, 39, 1]
    }
},
{
    "instance": {
        "subject": [2, 8, 4, 0, 2, 39, 0],
        "fact": [1, 8, 4, 0, 2, 39, 0],
        "contrast": [2, 8, 4, 1, 2, 39, 1]
    }
},
{
    "instance": {
        "subject": [3, 9, 10, 1, 2, 39, 1],
        "fact": [2, 9, 10, 1, 2, 39, 1],
        "contrast": [2, 9, 10, 0, 1, 39, 0]
    }
},
{
    "instance": {
        "subject": [1, 12, 10, 1, 2, 39, 0],
        "fact": [0, 12, 10, 0, 2, 39, 0],
        "contrast": [2, 12, 10, 1, 2, 39, 1]
    }
},
{
    "instance": {
        "subject": [1, 7, 11, 0, 2, 39, 0],
        "fact": [0, 7, 10, 0, 2, 39, 0],
        "contrast": [2, 8, 11, 1, 2, 39, 1]
    }
},
{
    "instance": {
        "subject": [1, 8, 3, 1, 2, 39, 0],
        "fact": [0, 8, 3, 0, 2, 39, 0],
        "contrast": [2, 8, 3, 1, 2, 39, 1]
    }
},
{
    "instance": {
        "subject": [1, 12, 5, 1, 1, 39, 0],
        "fact": [1, 12, 5, 1, 0, 39, 0],
        "contrast": [2, 12, 5, 1, 2, 39, 1]
    }
},
{
    "instance": {
        "subject": [3, 9, 10, 1, 0, 39, 0],
        "fact": [2, 9, 10, 0, 0, 39, 0],
        "contrast": [2, 10, 10, 1, 2, 39, 1]
    }
},
{
    "instance": {
        "subject": [1, 15, 13, 1, 1, 39, 0],
        "fact": [1, 15, 13, 0, 1, 39, 0],
        "contrast": [2, 14, 12, 1, 2, 39, 1]
    }
},
{
    "instance": {
        "subject": [2, 9, 11, 1, 0, 39, 0],
        "fact": [2, 9, 11, 0, 0, 39, 0],
        "contrast": [2, 9, 11, 1, 2, 39, 1]
    }
},
{
    "instance": {
        "subject": [1, 11, 14, 1, 2, 39, 0],
        "fact": [1, 11, 14, 0, 2, 39, 0],
        "contrast": [2, 11, 13, 1, 2, 39, 1]
    }
},
{
    "instance": {
        "subject": [0, 11, 1, 1, 0, 39, 0],
        "fact": [0, 11, 1, 1, 1, 39, 0],
        "contrast": [2, 10, 3, 1, 2, 39, 1]
    }
},
{
    "instance": {
        "subject": [2, 15, 13, 0, 1, 39, 0],
        "fact": [1, 15, 13, 0, 1, 39, 0],
        "contrast": [2, 14, 11, 1, 2, 39, 1]
    }
},
{
    "instance": {
        "subject": [3, 8, 8, 0, 1, 39, 0],
        "fact": [2, 8, 8, 0, 0, 39, 0],
        "contrast": [2, 9, 8, 1, 2, 39, 1]
    }
},
{
    "instance": {
        "subject": [1, 9, 8, 1, 1, 40, 0],
        "fact": [1, 9, 8, 1, 0, 40, 0],
        "contrast": [2, 9, 8, 1, 2, 39, 1]
    }
},
{
    "instance": {
        "subject": [1, 15, 10, 1, 2, 39, 0],
        "fact": [0, 15, 10, 0, 2, 39, 0],
        "contrast": [2, 14, 10, 1, 2, 39, 1]
    }
},
{
    "instance": {
        "subject": [1, 8, 3, 0, 0, 37, 0],
        "fact": [0, 7, 3, 0, 0, 37, 0],
        "contrast": [2, 9, 3, 1, 2, 39, 1]
    }
},
{
    "instance": {
        "subject": [2, 15, 10, 0, 0, 39, 0],
        "fact": [1, 15, 10, 0, 0, 39, 0],
        "contrast": [2, 14, 10, 1, 2, 39, 1]
    }
},
{
    "instance": {
        "subject": [0, 9, 1, 0, 0, 40, 0],
        "fact": [0, 9, 1, 0, 0, 39, 0],
        "contrast": [2, 9, 3, 1, 2, 39, 1]
    }
},
{
    "instance": {
        "subject": [1, 12, 4, 1, 1, 39, 0],
        "fact": [0, 12, 4, 1, 1, 39, 0],
        "contrast": [2, 12, 4, 1, 2, 39, 1]
    }
},
{
    "instance": {
        "subject": [3, 10, 10, 0, 1, 39, 0],
        "fact": [2, 10, 10, 0, 0, 39, 0],
        "contrast": [2, 10, 10, 1, 2, 39, 1]
    }
},
{
    "instance": {
        "subject": [2, 12, 12, 0, 0, 39, 0],
        "fact": [2, 12, 13, 0, 0, 39, 0],
        "contrast": [2, 12, 11, 1, 2, 39, 1]
    }
},
{
    "instance": {
        "subject": [2, 10, 12, 1, 2, 39, 1],
        "fact": [2, 11, 12, 1, 2, 39, 1],
        "contrast": [0, 10, 12, 0, 2, 39, 0]
    }
},
{
    "instance": {
        "subject": [1, 12, 6, 0, 2, 39, 0],
        "fact": [0, 12, 6, 0, 2, 39, 0],
        "contrast": [2, 12, 6, 1, 2, 39, 1]
    }
},
{
    "instance": {
        "subject": [2, 9, 4, 0, 2, 40, 0],
        "fact": [1, 9, 4, 0, 2, 39, 0],
        "contrast": [2, 9, 4, 1, 2, 40, 1]
    }
},
{
    "instance": {
        "subject": [1, 8, 7, 1, 1, 39, 0],
        "fact": [0, 8, 7, 1, 1, 39, 0],
        "contrast": [2, 9, 7, 1, 2, 39, 1]
    }
},
{
    "instance": {
        "subject": [0, 10, 5, 1, 1, 39, 0],
        "fact": [0, 11, 5, 1, 1, 39, 0],
        "contrast": [2, 10, 5, 1, 2, 39, 1]
    }
},
{
    "instance": {
        "subject": [2, 11, 11, 1, 0, 39, 0],
        "fact": [2, 11, 11, 0, 0, 39, 0],
        "contrast": [2, 11, 11, 1, 2, 39, 1]
    }
},
{
    "instance": {
        "subject": [0, 12, 12, 1, 0, 39, 0],
        "fact": [0, 12, 12, 0, 0, 39, 0],
        "contrast": [2, 12, 11, 1, 2, 39, 1]
    }
},
{
    "instance": {
        "subject": [2, 13, 7, 0, 0, 39, 0],
        "fact": [2, 14, 7, 0, 0, 39, 0],
        "contrast": [2, 13, 8, 1, 2, 39, 1]
    }
},
{
    "instance": {
        "subject": [0, 10, 4, 1, 2, 39, 0],
        "fact": [0, 10, 4, 0, 2, 39, 0],
        "contrast": [2, 10, 4, 1, 2, 39, 1]
    }
},
{
    "instance": {
        "subject": [2, 11, 8, 1, 1, 39, 0],
        "fact": [2, 11, 8, 0, 0, 39, 0],
        "contrast": [2, 11, 8, 1, 2, 39, 1]
    }
},
{
    "instance": {
        "subject": [0, 14, 6, 1, 1, 39, 0],
        "fact": [0, 15, 6, 1, 1, 39, 0],
        "contrast": [2, 13, 7, 1, 2, 39, 1]
    }
},
{
    "instance": {
        "subject": [3, 14, 7, 1, 2, 39, 1],
        "fact": [2, 14, 8, 1, 2, 39, 1],
        "contrast": [1, 14, 7, 0, 2, 39, 0]
    }
},
{
    "instance": {
        "subject": [0, 11, 5, 0, 2, 39, 0],
        "fact": [0, 12, 5, 0, 2, 39, 0],
        "contrast": [2, 11, 5, 1, 2, 39, 1]
    }
},
{
    "instance": {
        "subject": [1, 8, 12, 1, 2, 39, 0],
        "fact": [0, 8, 12, 0, 2, 39, 0],
        "contrast": [2, 8, 12, 1, 2, 39, 1]
    }
},
{
    "instance": {
        "subject": [3, 10, 6, 0, 0, 39, 0],
        "fact": [2, 10, 6, 0, 0, 39, 0],
        "contrast": [2, 10, 7, 1, 2, 39, 1]
    }
},
{
    "instance": {
        "subject": [1, 12, 5, 0, 1, 39, 0],
        "fact": [0, 12, 5, 0, 1, 39, 0],
        "contrast": [2, 12, 5, 1, 2, 39, 1]
    }
},
{
    "instance": {
        "subject": [3, 11, 4, 1, 2, 39, 1],
        "fact": [2, 11, 4, 1, 2, 39, 1],
        "contrast": [2, 11, 4, 1, 0, 39, 0]
    }
},
{
    "instance": {
        "subject": [0, 11, 12, 0, 0, 39, 0],
        "fact": [0, 11, 13, 0, 0, 39, 0],
        "contrast": [2, 11, 11, 1, 2, 39, 1]
    }
},
{
    "instance": {
        "subject": [1, 11, 3, 1, 2, 39, 0],
        "fact": [0, 11, 3, 1, 2, 39, 0],
        "contrast": [2, 11, 3, 1, 2, 39, 1]
    }
},
{
    "instance": {
        "subject": [1, 10, 4, 1, 2, 39, 0],
        "fact": [0, 10, 4, 0, 2, 39, 0],
        "contrast": [2, 10, 4, 1, 2, 39, 1]
    }
},
{
    "instance": {
        "subject": [1, 8, 9, 1, 2, 39, 0],
        "fact": [0, 8, 9, 1, 2, 39, 0],
        "contrast": [2, 9, 9, 1, 2, 39, 1]
    }
},
{
    "instance": {
        "subject": [2, 14, 4, 0, 0, 39, 0],
        "fact": [1, 14, 4, 0, 0, 39, 0],
        "contrast": [2, 12, 4, 1, 2, 39, 1]
    }
},
{
    "instance": {
        "subject": [2, 15, 12, 1, 0, 40, 0],
        "fact": [1, 15, 12, 0, 0, 39, 0],
        "contrast": [2, 14, 11, 1, 2, 39, 1]
    }
},
{
    "instance": {
        "subject": [2, 8, 13, 1, 2, 39, 0],
        "fact": [1, 8, 14, 0, 2, 39, 0],
        "contrast": [2, 8, 12, 1, 2, 39, 1]
    }
},
{
    "instance": {
        "subject": [3, 14, 14, 1, 1, 39, 0],
        "fact": [2, 13, 14, 1, 0, 39, 0],
        "contrast": [2, 12, 12, 1, 2, 39, 1]
    }
},
{
    "instance": {
        "subject": [1, 7, 10, 1, 2, 39, 0],
        "fact": [0, 7, 10, 1, 2, 39, 0],
        "contrast": [2, 8, 10, 1, 2, 39, 1]
    }
},
{
    "instance": {
        "subject": [3, 12, 11, 1, 2, 39, 1],
        "fact": [2, 12, 11, 1, 2, 39, 1],
        "contrast": [2, 12, 11, 0, 0, 39, 0]
    }
},
{
    "instance": {
        "subject": [2, 12, 8, 0, 2, 39, 0],
        "fact": [1, 12, 8, 0, 2, 39, 0],
        "contrast": [2, 12, 8, 1, 2, 39, 1]
    }
},
{
    "instance": {
        "subject": [1, 7, 12, 1, 0, 39, 0],
        "fact": [1, 7, 12, 0, 0, 39, 0],
        "contrast": [2, 8, 12, 1, 2, 39, 1]
    }
},
{
    "instance": {
        "subject": [3, 12, 6, 1, 2, 39, 1],
        "fact": [2, 12, 6, 1, 2, 39, 1],
        "contrast": [2, 12, 6, 0, 1, 39, 0]
    }
},
{
    "instance": {
        "subject": [3, 11, 3, 1, 0, 39, 0],
        "fact": [2, 11, 3, 1, 0, 39, 0],
        "contrast": [2, 11, 3, 1, 2, 39, 1]
    }
},
{
    "instance": {
        "subject": [2, 15, 14, 0, 0, 39, 0],
        "fact": [1, 15, 14, 0, 0, 39, 0],
        "contrast": [2, 14, 12, 1, 2, 39, 1]
    }
},
{
    "instance": {
        "subject": [0, 12, 2, 0, 1, 39, 0],
        "fact": [0, 12, 1, 0, 1, 39, 0],
        "contrast": [2, 11, 3, 1, 2, 39, 1]
    }
},
{
    "instance": {
        "subject": [0, 8, 8, 0, 0, 39, 0],
        "fact": [0, 8, 8, 0, 1, 39, 0],
        "contrast": [2, 9, 8, 1, 2, 39, 1]
    }
},
{
    "instance": {
        "subject": [0, 11, 10, 0, 0, 35, 0],
        "fact": [0, 11, 10, 0, 0, 36, 0],
        "contrast": [2, 11, 10, 1, 2, 36, 1]
    }
},
{
    "instance": {
        "subject": [2, 7, 12, 1, 2, 39, 0],
        "fact": [1, 7, 12, 0, 2, 39, 0],
        "contrast": [2, 8, 12, 1, 2, 39, 1]
    }
},
{
    "instance": {
        "subject": [0, 15, 7, 0, 1, 39, 0],
        "fact": [0, 15, 7, 0, 2, 39, 0],
        "contrast": [2, 14, 8, 1, 2, 39, 1]
    }
},
{
    "instance": {
        "subject": [3, 11, 11, 0, 2, 39, 1],
        "fact": [2, 11, 11, 1, 2, 39, 1],
        "contrast": [2, 11, 11, 0, 1, 39, 0]
    }
},
{
    "instance": {
        "subject": [0, 15, 8, 0, 2, 39, 0],
        "fact": [0, 15, 7, 0, 2, 39, 0],
        "contrast": [2, 14, 9, 1, 2, 39, 1]
    }
},
{
    "instance": {
        "subject": [3, 7, 10, 0, 2, 39, 0],
        "fact": [2, 7, 10, 0, 1, 39, 0],
        "contrast": [2, 8, 10, 1, 2, 39, 1]
    }
},
{
    "instance": {
        "subject": [0, 6, 10, 0, 2, 39, 0],
        "fact": [0, 5, 10, 0, 2, 39, 0],
        "contrast": [2, 8, 10, 1, 2, 39, 1]
    }
},
{
    "instance": {
        "subject": [2, 11, 12, 0, 0, 35, 0],
        "fact": [2, 11, 12, 1, 0, 35, 0],
        "contrast": [2, 11, 10, 1, 2, 36, 1]
    }
},
{
    "instance": {
        "subject": [1, 10, 10, 1, 0, 39, 0],
        "fact": [1, 10, 10, 0, 0, 39, 0],
        "contrast": [2, 10, 10, 1, 2, 39, 1]
    }
},
{
    "instance": {
        "subject": [3, 9, 5, 1, 2, 39, 1],
        "fact": [2, 9, 5, 1, 2, 39, 1],
        "contrast": [2, 9, 5, 1, 0, 39, 0]
    }
},
{
    "instance": {
        "subject": [2, 12, 9, 1, 0, 39, 0],
        "fact": [2, 12, 8, 0, 0, 39, 0],
        "contrast": [2, 12, 10, 1, 2, 39, 1]
    }
},
{
    "instance": {
        "subject": [1, 10, 6, 0, 1, 39, 0],
        "fact": [1, 11, 6, 0, 1, 39, 0],
        "contrast": [2, 11, 6, 1, 2, 39, 1]
    }
},
{
    "instance": {
        "subject": [0, 8, 10, 1, 0, 39, 0],
        "fact": [0, 8, 10, 0, 0, 39, 0],
        "contrast": [2, 9, 10, 1, 2, 39, 1]
    }
},
{
    "instance": {
        "subject": [2, 12, 7, 1, 2, 39, 1],
        "fact": [2, 12, 8, 1, 2, 39, 1],
        "contrast": [1, 12, 7, 0, 2, 39, 0]
    }
},
{
    "instance": {
        "subject": [1, 9, 11, 0, 1, 39, 0],
        "fact": [0, 9, 11, 0, 1, 39, 0],
        "contrast": [2, 9, 11, 1, 2, 39, 1]
    }
},
{
    "instance": {
        "subject": [2, 7, 13, 1, 2, 39, 0],
        "fact": [2, 7, 14, 0, 2, 39, 0],
        "contrast": [2, 8, 12, 1, 2, 39, 1]
    }
},
{
    "instance": {
        "subject": [1, 11, 5, 1, 0, 39, 0],
        "fact": [1, 11, 5, 0, 0, 39, 0],
        "contrast": [2, 11, 5, 1, 2, 39, 1]
    }
},
{
    "instance": {
        "subject": [0, 9, 5, 1, 1, 40, 0],
        "fact": [0, 9, 5, 1, 1, 39, 0],
        "contrast": [2, 9, 5, 1, 2, 39, 1]
    }
},
{
    "instance": {
        "subject": [2, 11, 9, 1, 0, 39, 0],
        "fact": [2, 11, 9, 0, 0, 39, 0],
        "contrast": [2, 11, 9, 1, 2, 39, 1]
    }
},
{
    "instance": {
        "subject": [2, 12, 6, 0, 2, 39, 0],
        "fact": [1, 12, 6, 0, 2, 39, 0],
        "contrast": [2, 12, 6, 1, 2, 39, 1]
    }
},
{
    "instance": {
        "subject": [1, 10, 12, 1, 1, 39, 0],
        "fact": [0, 10, 12, 1, 1, 39, 0],
        "contrast": [2, 10, 12, 1, 2, 39, 1]
    }
}
]
