[
{
    "instance": {
        "subject": [1, 8, 9, 1, 0, 39, 0],
        "fact": [0, 8, 9, 1, 0, 39, 0],
        "contrast": [2, 9, 9, 1, 2, 39, 1]
    }
},
{
    "instance": {
        "subject": [2, 9, 10, 1, 0, 40, 0],
        "fact": [2, 9, 10, 0, 0, 39, 0],
        "contrast": [2, 10, 10, 1, 2, 39, 1]
    }
},
{
    "instance": {
        "subject": [2, 12, 5, 1, 2, 39, 1],
        "fact": [2, 11, 5, 1, 2, 39, 1],
        "contrast": [1, 12, 5, 0, 2, 39, 0]
    }
},
{
    "instance": {
        "subject": [0, 9, 10, 0, 1, 39, 0],
        "fact": [0, 9, 10, 0, 2, 39, 0],
        "contrast": [2, 10, 10, 1, 2, 39, 1]
    }
},
{
    "instance": {
        "subject": [1, 7, 11, 1, 0, 39, 0],
        "fact": [0, 7, 11, 1, 0, 39, 0],
        "contrast": [2, 8, 11, 1, 2, 39, 1]
    }
},
{
    "instance": {
        "subject": [0, 9, 8, 1, 0, 39, 0],
        "fact": [0, 9, 8, 0, 0, 39, 0],
        "contrast": [2, 10, 8, 1, 2, 39, 1]
    }
},
{
    "instance": {
        "subject": [1, 10, 10, 1, 0, 39, 0],
        "fact": [1, 10, 10, 0, 0, 39, 0],
        "contrast": [2, 10, 10, 1, 2, 39, 1]
    }
},
{
    "instance": {
        "subject": [1, 7, 10, 0, 0, 39, 0],
        "fact": [0, 7, 10, 0, 0, 39, 0],
        "contrast": [2, 8, 10, 1, 2, 39, 1]
    }
},
{
    "instance": {
        "subject": [2, 9, 13, 1, 2, 39, 0],
        "fact": [1, 9, 14, 0, 2, 39, 0],
        "contrast": [2, 9, 12, 1, 2, 39, 1]
    }
},
{
    "instance": {
        "subject": [2, 7, 4, 1, 2, 39, 0],
        "fact": [1, 7, 4, 0, 2, 39, 0],
        "contrast": [2, 8, 4, 1, 2, 39, 1]
    }
},
{
    "instance": {
        "subject": [2, 9, 10, 0, 0, 39, 0],
        "fact": [2, 9, 9, 0, 0, 39, 0],
        "contrast": [2, 10, 10, 1, 2, 39, 1]
    }
},
{
    "instance": {
        "subject": [2, 7, 11, 1, 2, 39, 0],
        "fact": [1, 7, 11, 0, 2, 39, 0],
        "contrast": [2, 8, 10, 1, 2, 39, 1]
    }
},
{
    "instance": {
        "subject": [2, 8, 11, 1, 0, 39, 0],
        "fact": [2, 8, 11, 0, 0, 39, 0],
        "contrast": [2, 9, 11, 1, 2, 39, 1]
    }
},
{
    "instance": {
        "subject": [1, 9, 8, 1, 0, 40, 0],
        "fact": [0, 9, 8, 1, 0, 40, 0],
        "contrast": [2, 9, 8, 1, 2, 39, 1]
    }
},
{
    "instance": {
        "subject": [0, 9, 9, 1, 0, 39, 0],
        "fact": [0, 9, 9, 0, 0, 39, 0],
        "contrast": [2, 10, 10, 1, 2, 39, 1]
    }
},
{
    "instance": {
        "subject": [2, 9, 4, 1, 2, 38, 1],
        "fact": [2, 9, 4, 1, 2, 39, 1],
        "contrast": [0, 9, 4, 0, 2, 39, 0]
    }
},
{
    "instance": {
        "subject": [1, 8, 12, 1, 0, 39, 0],
        "fact": [1, 8, 12, 0, 0, 39, 0],
        "contrast": [2, 9, 11, 1, 2, 39, 1]
    }
},
{
    "instance": {
        "subject": [2, 11, 11, 1, 1, 39, 0],
        "fact": [2, 11, 11, 0, 0, 39, 0],
        "contrast": [2, 11, 11, 1, 2, 39, 1]
    }
},
{
    "instance": {
        "subject": [2, 10, 5, 1, 2, 39, 1],
        "fact": [2, 10, 6, 1, 2, 39, 1],
        "contrast": [1, 10, 5, 0, 2, 39, 0]
    }
},
{
    "instance": {
        "subject": [1, 7, 10, 1, 0, 39, 0],
        "fact": [0, 7, 10, 1, 0, 39, 0],
        "contrast": [2, 8, 10, 1, 2, 39, 1]
    }
},
{
    "instance": {
        "subject": [2, 11, 12, 1, 2, 39, 1],
        "fact": [2, 11, 11, 1, 2, 39, 1],
        "contrast": [1, 11, 13, 0, 2, 39, 0]
    }
},
{
    "instance": {
        "subject": [2, 11, 3, 1, 2, 39, 1],
        "fact": [2, 11, 4, 1, 2, 39, 1],
        "contrast": [1, 11, 3, 0, 2, 39, 0]
    }
},
{
    "instance": {
        "subject": [0, 10, 10, 0, 0, 39, 0],
        "fact": [0, 11, 10, 0, 0, 39, 0],
        "contrast": [2, 10, 10, 1, 2, 39, 1]
    }
},
{
    "instance": {
        "subject": [1, 9, 11, 1, 0, 39, 0],
        "fact": [1, 9, 11, 0, 0, 39, 0],
        "contrast": [2, 9, 11, 1, 2, 39, 1]
    }
},
{
    "instance": {
        "subject": [1, 9, 10, 0, 0, 39, 0],
        "fact": [0, 9, 10, 0, 0, 39, 0],
        "contrast": [2, 10, 10, 1, 2, 39, 1]
    }
},
{
    "instance": {
        "subject": [2, 11, 10, 1, 1, 39, 0],
        "fact": [2, 11, 10, 0, 0, 39, 0],
        "contrast": [2, 11, 10, 1, 2, 39, 1]
    }
},
{
    "instance": {
        "subject": [2, 11, 4, 1, 2, 41, 1],
        "fact": [2, 11, 4, 1, 2, 39, 1],
        "contrast": [2, 11, 4, 0, 0, 40, 0]
    }
},
{
    "instance": {
        "subject": [2, 7, 3, 1, 2, 39, 0],
        "fact": [1, 7, 3, 0, 2, 39, 0],
        "contrast": [2, 8, 3, 1, 2, 39, 1]
    }
},
{
    "instance": {
        "subject": [1, 9, 11, 0, 1, 39, 0],
        "fact": [0, 9, 11, 0, 1, 39, 0],
        "contrast": [2, 9, 11, 1, 2, 39, 1]
    }
},
{
    "instance": {
        "subject": [2, 13, 5, 1, 2, 39, 0],
        "fact": [1, 14, 6, 0, 2, 39, 0],
        "contrast": [2, 12, 5, 1, 2, 39, 1]
    }
},
{
    "instance": {
        "subject": [1, 9, 8, 0, 0, 39, 0],
        "fact": [0, 9, 8, 0, 0, 39, 0],
        "contrast": [2, 9, 8, 1, 2, 39, 1]
    }
},
{
    "instance": {
        "subject": [2, 12, 11, 1, 1, 39, 1],
        "fact": [2, 12, 11, 1, 2, 39, 1],
        "contrast": [2, 12, 11, 0, 0, 39, 0]
    }
},
{
    "instance": {
        "subject": [2, 10, 6, 1, 2, 39, 1],
        "fact": [2, 10, 7, 1, 2, 39, 1],
        "contrast": [0, 10, 6, 0, 2, 39, 0]
    }
},
{
    "instance": {
        "subject": [2, 11, 10, 1, 2, 39, 1],
        "fact": [2, 12, 10, 1, 2, 39, 1],
        "contrast": [0, 11, 10, 0, 2, 39, 0]
    }
},
{
    "instance": {
        "subject": [0, 8, 9, 1, 0, 39, 0],
        "fact": [0, 8, 8, 1, 0, 39, 0],
        "contrast": [2, 9, 9, 1, 2, 39, 1]
    }
},
{
    "instance": {
        "subject": [2, 8, 10, 1, 2, 39, 1],
        "fact": [2, 9, 10, 1, 2, 39, 1],
        "contrast": [1, 8, 10, 0, 2, 39, 0]
    }
},
{
    "instance": {
        "subject": [2, 9, 10, 0, 1, 39, 0],
        "fact": [2, 9, 10, 0, 0, 39, 0],
        "contrast": [2, 9, 10, 1, 2, 39, 1]
    }
},
{
    "instance": {
        "subject": [2, 12, 12, 1, 1, 39, 0],
        "fact": [1, 12, 12, 0, 1, 39, 0],
        "contrast": [2, 12, 12, 1, 2, 39, 1]
    }
},
{
    "instance": {
        "subject": [0, 8, 10, 1, 0, 39, 0],
        "fact": [0, 8, 10, 0, 0, 39, 0],
        "contrast": [2, 9, 10, 1, 2, 39, 1]
    }
},
{
    "instance": {
        "subject": [1, 10, 10, 1, 0, 38, 0],
        "fact": [1, 10, 10, 0, 0, 39, 0],
        "contrast": [2, 10, 10, 1, 2, 39, 1]
    }
},
{
    "instance": {
        "subject": [1, 9, 11, 1, 2, 39, 0],
        "fact": [0, 9, 11, 0, 2, 39, 0],
        "contrast": [2, 9, 11, 1, 2, 39, 1]
    }
},
{
    "instance": {
        "subject": [0, 9, 9, 0, 0, 39, 0],
        "fact": [0, 10, 9, 0, 0, 39, 0],
        "contrast": [2, 10, 9, 1, 2, 39, 1]
    }
},
{
    "instance": {
        "subject": [2, 10, 11, 1, 0, 39, 0],
        "fact": [1, 10, 11, 0, 0, 39, 0],
        "contrast": [2, 10, 11, 1, 2, 39, 1]
    }
},
{
    "instance": {
        "subject": [1, 9, 12, 1, 1, 39, 0],
        "fact": [0, 9, 12, 1, 1, 39, 0],
        "contrast": [2, 9, 12, 1, 2, 39, 1]
    }
},
{
    "instance": {
        "subject": [2, 7, 8, 1, 2, 39, 0],
        "fact": [1, 7, 8, 0, 2, 39, 0],
        "contrast": [2, 8, 8, 1, 2, 39, 1]
    }
},
{
    "instance": {
        "subject": [2, 12, 13, 1, 2, 39, 1],
        "fact": [2, 12, 12, 1, 2, 39, 1],
        "contrast": [1, 12, 13, 0, 2, 39, 0]
    }
},
{
    "instance": {
        "subject": [2, 8, 10, 1, 0, 39, 0],
        "fact": [2, 8, 10, 0, 0, 39, 0],
        "contrast": [2, 9, 10, 1, 2, 39, 1]
    }
},
{
    "instance": {
        "subject": [2, 12, 4, 1, 2, 39, 1],
        "fact": [2, 11, 4, 1, 2, 39, 1],
        "contrast": [1, 12, 4, 0, 2, 39, 0]
    }
},
{
    "instance": {
        "subject": [2, 12, 7, 1, 2, 39, 1],
        "fact": [2, 12, 8, 1, 2, 39, 1],
        "contrast": [1, 12, 7, 0, 2, 39, 0]
    }
},
{
    "instance": {
        "subject": [1, 9, 11, 1, 1, 39, 0],
        "fact": [0, 9, 11, 0, 1, 39, 0],
        "contrast": [2, 9, 11, 1, 2, 39, 1]
    }
},
{
    "instance": {
        "subject": [2, 10, 10, 0, 0, 39, 0],
        "fact": [2, 10, 9, 0, 0, 39, 0],
        "contrast": [2, 10, 10, 1, 2, 39, 1]
    }
},
{
    "instance": {
        "subject": [2, 8, 11, 0, 0, 39, 0],
        "fact": [2, 8, 10, 0, 0, 39, 0],
        "contrast": [2, 9, 11, 1, 2, 39, 1]
    }
},
{
    "instance": {
        "subject": [2, 11, 12, 1, 1, 39, 0],
        "fact": [2, 11, 12, 0, 0, 39, 0],
        "contrast": [2, 11, 12, 1, 2, 39, 1]
    }
},
{
    "instance": {
        "subject": [1, 12, 10, 1, 2, 39, 0],
        "fact": [0, 12, 10, 0, 2, 39, 0],
        "contrast": [2, 12, 10, 1, 2, 39, 1]
    }
},
{
    "instance": {
        "subject": [2, 13, 10, 1, 2, 39, 1],
        "fact": [2, 12, 10, 1, 2, 39, 1],
        "contrast": [0, 12, 10, 0, 2, 39, 0]
    }
},
{
    "instance": {
        "subject": [0, 9, 10, 1, 1, 39, 0],
        "fact": [0, 9, 10, 0, 1, 39, 0],
        "contrast": [2, 10, 10, 1, 2, 39, 1]
    }
},
{
    "instance": {
        "subject": [0, 10, 10, 1, 0, 39, 0],
        "fact": [0, 10, 10, 0, 0, 39, 0],
        "contrast": [2, 10, 10, 1, 2, 39, 1]
    }
},
{
    "instance": {
        "subject": [0, 8, 10, 0, 1, 39, 0],
        "fact": [0, 8, 10, 0, 2, 39, 0],
        "contrast": [2, 9, 10, 1, 2, 39, 1]
    }
},
{
    "instance": {
        "subject": [2, 9, 10, 1, 2, 39, 1],
        "fact": [2, 10, 10, 1, 2, 39, 1],
        "contrast": [1, 9, 10, 0, 2, 39, 0]
    }
},
{
    "instance": {
        "subject": [2, 12, 8, 1, 2, 39, 1],
        "fact": [2, 12, 9, 1, 2, 39, 1],
        "contrast": [1, 12, 8, 0, 2, 39, 0]
    }
},
{
    "instance": {
        "subject": [2, 11, 4, 1, 2, 39, 1],
        "fact": [2, 10, 4, 1, 2, 39, 1],
        "contrast": [1, 11, 4, 0, 2, 39, 0]
    }
},
{
    "instance": {
        "subject": [0, 9, 11, 1, 1, 39, 0],
        "fact": [0, 9, 11, 0, 2, 39, 0],
        "contrast": [2, 9, 11, 1, 2, 39, 1]
    }
},
{
    "instance": {
        "subject": [2, 7, 6, 1, 2, 39, 0],
        "fact": [1, 7, 7, 0, 2, 39, 0],
        "contrast": [2, 8, 6, 1, 2, 39, 1]
    }
},
{
    "instance": {
        "subject": [2, 10, 12, 1, 2, 39, 1],
        "fact": [2, 10, 11, 1, 2, 39, 1],
        "contrast": [0, 10, 12, 0, 2, 39, 0]
    }
},
{
    "instance": {
        "subject": [2, 9, 3, 1, 2, 39, 1],
        "fact": [2, 9, 4, 1, 2, 39, 1],
        "contrast": [1, 9, 3, 0, 2, 39, 0]
    }
},
{
    "instance": {
        "subject": [1, 9, 9, 1, 0, 39, 0],
        "fact": [1, 9, 9, 0, 0, 39, 0],
        "contrast": [2, 9, 9, 1, 2, 39, 1]
    }
},
{
    "instance": {
        "subject": [2, 9, 11, 1, 2, 39, 1],
        "fact": [2, 9, 10, 1, 2, 39, 1],
        "contrast": [1, 9, 11, 0, 2, 39, 0]
    }
},
{
    "instance": {
        "subject": [1, 7, 10, 1, 1, 39, 0],
        "fact": [0, 7, 10, 1, 1, 39, 0],
        "contrast": [2, 8, 10, 1, 2, 39, 1]
    }
},
{
    "instance": {
        "subject": [2, 11, 5, 1, 2, 39, 1],
        "fact": [2, 10, 5, 1, 2, 39, 1],
        "contrast": [1, 11, 5, 0, 2, 39, 0]
    }
},
{
    "instance": {
        "subject": [2, 9, 11, 0, 0, 39, 0],
        "fact": [1, 9, 11, 0, 0, 39, 0],
        "contrast": [2, 10, 11, 1, 2, 39, 1]
    }
},
{
    "instance": {
        "subject": [2, 9, 11, 0, 1, 39, 0],
        "fact": [2, 9, 11, 0, 0, 39, 0],
        "contrast": [2, 9, 11, 1, 2, 39, 1]
    }
},
{
    "instance": {
        "subject": [1, 9, 10, 0, 1, 39, 0],
        "fact": [0, 9, 10, 0, 1, 39, 0],
        "contrast": [2, 9, 10, 1, 2, 39, 1]
    }
},
{
    "instance": {
        "subject": [0, 10, 11, 1, 0, 39, 0],
        "fact": [0, 10, 12, 1, 0, 39, 0],
        "contrast": [2, 11, 11, 1, 2, 39, 1]
    }
},
{
    "instance": {
        "subject": [2, 8, 3, 1, 2, 38, 1],
        "fact": [2, 8, 3, 1, 2, 39, 1],
        "contrast": [0, 8, 3, 0, 2, 39, 0]
    }
},
{
    "instance": {
        "subject": [2, 12, 6, 1, 2, 39, 1],
        "fact": [2, 11, 6, 1, 2, 39, 1],
        "contrast": [1, 12, 6, 0, 2, 39, 0]
    }
},
{
    "instance": {
        "subject": [2, 9, 3, 1, 2, 36, 1],
        "fact": [2, 9, 3, 1, 2, 37, 1],
        "contrast": [1, 9, 3, 1, 2, 36, 0]
    }
},
{
    "instance": {
        "subject": [2, 10, 7, 1, 2, 39, 1],
        "fact": [2, 10, 8, 1, 2, 39, 1],
        "contrast": [1, 10, 7, 0, 2, 39, 0]
    }
},
{
    "instance": {
        "subject": [1, 11, 10, 1, 0, 39, 0],
        "fact": [1, 11, 10, 0, 0, 39, 0],
        "contrast": [2, 11, 10, 1, 2, 39, 1]
    }
},
{
    "instance": {
        "subject": [2, 12, 9, 1, 2, 39, 1],
        "fact": [2, 12, 10, 1, 2, 39, 1],
        "contrast": [1, 12, 8, 0, 2, 39, 0]
    }
},
{
    "instance": {
        "subject": [1, 11, 10, 1, 2, 39, 0],
        "fact": [0, 11, 10, 0, 2, 39, 0],
        "contrast": [2, 11, 10, 1, 2, 39, 1]
    }
},
{
    "instance": {
        "subject": [2, 9, 9, 1, 2, 39, 1],
        "fact": [2, 9, 10, 1, 2, 39, 1],
        "contrast": [1, 9, 9, 0, 2, 39, 0]
    }
},
{
    "instance": {
        "subject": [1, 12, 11, 1, 2, 39, 0],
        "fact": [0, 12, 11, 0, 2, 39, 0],
        "contrast": [2, 12, 11, 1, 2, 39, 1]
    }
},
{
    "instance": {
        "subject": [2, 9, 12, 1, 2, 39, 1],
        "fact": [2, 9, 11, 1, 2, 39, 1],
        "contrast": [1, 9, 13, 0, 2, 39, 0]
    }
},
{
    "instance": {
        "subject": [2, 10, 10, 1, 0, 39, 0],
        "fact": [2, 10, 10, 0, 0, 39, 0],
        "contrast": [2, 10, 10, 1, 2, 39, 1]
    }
},
{
    "instance": {
        "subject": [0, 9, 11, 0, 0, 39, 0],
        "fact": [0, 9, 12, 0, 0, 39, 0],
        "contrast": [2, 10, 11, 1, 2, 39, 1]
    }
},
{
    "instance": {
        "subject": [1, 9, 9, 1, 2, 39, 0],
        "fact": [0, 9, 9, 0, 2, 39, 0],
        "contrast": [2, 9, 9, 1, 2, 39, 1]
    }
},
{
    "instance": {
        "subject": [2, 12, 9, 1, 1, 39, 0],
        "fact": [2, 12, 8, 0, 0, 39, 0],
        "contrast": [2, 12, 9, 1, 2, 39, 1]
    }
},
{
    "instance": {
        "subject": [2, 8, 3, 1, 2, 39, 1],
        "fact": [2, 9, 3, 1, 2, 39, 1],
        "contrast": [1, 8, 3, 0, 2, 39, 0]
    }
},
{
    "instance": {
        "subject": [2, 9, 9, 0, 0, 39, 0],
        "fact": [2, 9, 8, 0, 0, 39, 0],
        "contrast": [2, 9, 9, 1, 2, 39, 1]
    }
},
{
    "instance": {
        "subject": [0, 9, 11, 1, 0, 39, 0],
        "fact": [0, 9, 11, 0, 0, 39, 0],
        "contrast": [2, 9, 11, 1, 2, 39, 1]
    }
},
{
    "instance": {
        "subject": [2, 11, 9, 1, 2, 39, 1],
        "fact": [2, 11, 10, 1, 2, 39, 1],
        "contrast": [0, 11, 9, 0, 2, 39, 0]
    }
},
{
    "instance": {
        "subject": [2, 9, 8, 1, 2, 39, 1],
        "fact": [2, 9, 7, 1, 2, 39, 1],
        "contrast": [1, 9, 8, 0, 2, 39, 0]
    }
},
{
    "instance": {
        "subject": [0, 7, 10, 1, 0, 39, 0],
        "fact": [0, 7, 10, 0, 0, 39, 0],
        "contrast": [2, 8, 10, 1, 2, 39, 1]
    }
},
{
    "instance": {
        "subject": [1, 9, 12, 0, 0, 39, 0],
        "fact": [1, 9, 13, 0, 0, 39, 0],
        "contrast": [2, 9, 11, 1, 2, 39, 1]
    }
},
{
    "instance": {
        "subject": [2, 7, 10, 1, 2, 39, 0],
        "fact": [1, 7, 10, 0, 2, 39, 0],
        "contrast": [2, 8, 10, 1, 2, 39, 1]
    }
},
{
    "instance": {
        "subject": [2, 8, 11, 1, 2, 39, 1],
        "fact": [2, 9, 11, 1, 2, 39, 1],
        "contrast": [1, 8, 11, 0, 2, 39, 0]
    }
},
{
    "instance": {
        "subject": [2, 12, 3, 1, 2, 39, 0],
        "fact": [1, 12, 3, 0, 2, 39, 0],
        "contrast": [2, 11, 3, 1, 2, 39, 1]
    }
},
{
    "instance": {
        "subject": [2, 9, 9, 1, 0, 39, 0],
        "fact": [2, 9, 9, 0, 0, 39, 0],
        "contrast": [2, 9, 9, 1, 2, 39, 1]
    }
},
{
    "instance": {
        "subject": [1, 9, 8, 1, 1, 39, 0],
        "fact": [0, 9, 8, 1, 1, 39, 0],
        "contrast": [2, 9, 8, 1, 2, 39, 1]
    }
},
{
    "instance": {
        "subject": [2, 11, 13, 1, 2, 39, 1],
        "fact": [2, 11, 12, 1, 2, 39, 1],
        "contrast": [1, 11, 14, 0, 2, 39, 0]
    }
},
{
    "instance": {
        "subject": [2, 8, 7, 1, 2, 39, 1],
        "fact": [2, 9, 7, 1, 2, 39, 1],
        "contrast": [1, 8, 7, 0, 2, 39, 0]
    }
},
{
    "instance": {
        "subject": [2, 10, 10, 1, 2, 39, 1],
        "fact": [2, 11, 10, 1, 2, 39, 1],
        "contrast": [1, 10, 10, 0, 2, 39, 0]
    }
},
{
    "instance": {
        "subject": [0, 8, 10, 0, 0, 39, 0],
        "fact": [0, 9, 10, 0, 0, 39, 0],
        "contrast": [2, 9, 10, 1, 2, 39, 1]
    }
},
{
    "instance": {
        "subject": [0, 9, 10, 1, 0, 39, 0],
        "fact": [0, 9, 10, 0, 0, 39, 0],
        "contrast": [2, 10, 10, 1, 2, 39, 1]
    }
},
{
    "instance": {
        "subject": [0, 9, 12, 1, 0, 39, 0],
        "fact": [0, 9, 12, 0, 0, 39, 0],
        "contrast": [2, 10, 11, 1, 2, 39, 1]
    }
},
{
    "instance": {
        "subject": [2, 9, 4, 1, 2, 39, 1],
        "fact": [2, 10, 4, 1, 2, 39, 1],
        "contrast": [1, 9, 4, 0, 2, 39, 0]
    }
},
{
    "instance": {
        "subject": [2, 12, 10, 1, 1, 39, 0],
        "fact": [2, 12, 10, 0, 0, 39, 0],
        "contrast": [2, 12, 10, 1, 2, 39, 1]
    }
},
{
    "instance": {
        "subject": [1, 9, 12, 1, 0, 39, 0],
        "fact": [1, 9, 12, 0, 0, 39, 0],
        "contrast": [2, 10, 11, 1, 2, 39, 1]
    }
},
{
    "instance": {
        "subject": [2, 9, 10, 1, 1, 39, 0],
        "fact": [2, 9, 10, 0, 0, 39, 0],
        "contrast": [2, 9, 10, 1, 2, 39, 1]
    }
},
{
    "instance": {
        "subject": [0, 11, 10, 1, 0, 39, 0],
        "fact": [0, 11, 10, 0, 0, 39, 0],
        "contrast": [2, 11, 10, 1, 2, 39, 1]
    }
},
{
    "instance": {
        "subject": [0, 8, 11, 0, 0, 39, 0],
        "fact": [0, 8, 12, 0, 0, 39, 0],
        "contrast": [2, 9, 11, 1, 2, 39, 1]
    }
},
{
    "instance": {
        "subject": [2, 12, 10, 1, 2, 39, 1],
        "fact": [2, 11, 10, 1, 2, 39, 1],
        "contrast": [0, 12, 10, 0, 2, 39, 0]
    }
},
{
    "instance": {
        "subject": [2, 10, 8, 1, 2, 39, 1],
        "fact": [2, 11, 8, 1, 2, 39, 1],
        "contrast": [0, 10, 8, 0, 2, 39, 0]
    }
},
{
    "instance": {
        "subject": [1, 8, 10, 1, 0, 39, 0],
        "fact": [1, 8, 10, 0, 0, 39, 0],
        "contrast": [2, 9, 10, 1, 2, 39, 1]
    }
},
{
    "instance": {
        "subject": [2, 7, 7, 1, 2, 39, 0],
        "fact": [1, 7, 7, 0, 2, 39, 0],
        "contrast": [2, 8, 7, 1, 2, 39, 1]
    }
},
{
    "instance": {
        "subject": [2, 14, 7, 1, 2, 39, 0],
        "fact": [1, 14, 7, 0, 2, 39, 0],
        "contrast": [2, 14, 8, 1, 2, 39, 1]
    }
},
{
    "instance": {
        "subject": [0, 9, 9, 1, 1, 39, 0],
        "fact": [0, 9, 8, 1, 1, 39, 0],
        "contrast": [2, 10, 9, 1, 2, 39, 1]
    }
},
{
    "instance": {
        "subject": [2, 8, 8, 1, 2, 39, 1],
        "fact": [2, 9, 8, 1, 2, 39, 1],
        "contrast": [1, 8, 8, 0, 2, 39, 0]
    }
},
{
    "instance": {
        "subject": [1, 9, 10, 1, 2, 39, 0],
        "fact": [0, 9, 10, 0, 2, 39, 0],
        "contrast": [2, 9, 10, 1, 2, 39, 1]
    }
},
{
    "instance": {
        "subject": [1, 8, 8, 1, 0, 39, 0],
        "fact": [0, 8, 8, 1, 0, 39, 0],
        "contrast": [2, 9, 8, 1, 2, 39, 1]
    }
},
{
    "instance": {
        "subject": [2, 7, 12, 1, 2, 39, 0],
        "fact": [1, 7, 12, 0, 2, 39, 0],
        "contrast": [2, 8, 12, 1, 2, 39, 1]
    }
},
{
    "instance": {
        "subject": [0, 8, 11, 1, 0, 39, 0],
        "fact": [0, 8, 11, 0, 0, 39, 0],
        "contrast": [2, 9, 11, 1, 2, 39, 1]
    }
},
{
    "instance": {
        "subject": [1, 8, 11, 1, 0, 39, 0],
        "fact": [1, 8, 11, 0, 0, 39, 0],
        "contrast": [2, 9, 11, 1, 2, 39, 1]
    }
},
{
    "instance": {
        "subject": [2, 11, 8, 1, 2, 39, 1],
        "fact": [2, 11, 9, 1, 2, 39, 1],
        "contrast": [1, 11, 8, 0, 2, 39, 0]
    }
},
{
    "instance": {
        "subject": [2, 9, 11, 1, 0, 39, 0],
        "fact": [2, 9, 11, 0, 0, 39, 0],
        "contrast": [2, 9, 11, 1, 2, 39, 1]
    }
},
{
    "instance": {
        "subject": [0, 9, 10, 0, 0, 39, 0],
        "fact": [0, 9, 10, 0, 1, 39, 0],
        "contrast": [2, 10, 10, 1, 2, 39, 1]
    }
},
{
    "instance": {
        "subject": [1, 11, 11, 1, 2, 39, 0],
        "fact": [0, 11, 11, 0, 2, 39, 0],
        "contrast": [2, 11, 11, 1, 2, 39, 1]
    }
},
{
    "instance": {
        "subject": [2, 11, 6, 1, 2, 39, 1],
        "fact": [2, 11, 7, 1, 2, 39, 1],
        "contrast": [1, 11, 6, 0, 2, 39, 0]
    }
},
{
    "instance": {
        "subject": [2, 12, 12, 1, 2, 39, 1],
        "fact": [2, 12, 11, 1, 2, 39, 1],
        "contrast": [1, 12, 13, 0, 2, 39, 0]
    }
},
{
    "instance": {
        "subject": [1, 8, 10, 1, 2, 39, 0],
        "fact": [0, 8, 10, 0, 2, 39, 0],
        "contrast": [2, 8, 10, 1, 2, 39, 1]
    }
},
{
    "instance": {
        "subject": [1, 9, 10, 1, 0, 39, 0],
        "fact": [1, 9, 10, 0, 0, 39, 0],
        "contrast": [2, 10, 10, 1, 2, 39, 1]
    }
},
{
    "instance": {
        "subject": [2, 9, 5, 1, 2, 39, 1],
        "fact": [2, 10, 5, 1, 2, 39, 1],
        "contrast": [1, 9, 5, 0, 2, 39, 0]
    }
},
{
    "instance": {
        "subject": [0, 8, 11, 1, 1, 39, 0],
        "fact": [0, 8, 11, 0, 1, 39, 0],
        "contrast": [2, 9, 11, 1, 2, 39, 1]
    }
},
{
    "instance": {
        "subject": [2, 10, 11, 1, 1, 39, 0],
        "fact": [2, 10, 11, 0, 0, 39, 0],
        "contrast": [2, 11, 11, 1, 2, 39, 1]
    }
},
{
    "instance": {
        "subject": [2, 8, 10, 0, 0, 38, 0],
        "fact": [2, 8, 10, 0, 0, 39, 0],
        "contrast": [2, 9, 10, 1, 2, 39, 1]
    }
},
{
    "instance": {
        "subject": [2, 8, 10, 0, 1, 39, 0],
        "fact": [2, 8, 10, 0, 0, 39, 0],
        "contrast": [2, 9, 10, 1, 2, 39, 1]
    }
},
{
    "instance": {
        "subject": [2, 11, 11, 1, 2, 39, 1],
        "fact": [2, 12, 11, 1, 2, 39, 1],
        "contrast": [0, 11, 11, 0, 2, 39, 0]
    }
},
{
    "instance": {
        "subject": [1, 10, 10, 0, 1, 39, 0],
        "fact": [0, 10, 10, 0, 2, 39, 0],
        "contrast": [2, 10, 10, 1, 2, 39, 1]
    }
},
{
    "instance": {
        "subject": [1, 8, 11, 0, 0, 39, 0],
        "fact": [0, 8, 11, 0, 0, 39, 0],
        "contrast": [2, 9, 11, 1, 2, 39, 1]
    }
},
{
    "instance": {
        "subject": [1, 8, 10, 1, 1, 39, 0],
        "fact": [0, 8, 10, 1, 1, 39, 0],
        "contrast": [2, 9, 10, 1, 2, 39, 1]
    }
},
{
    "instance": {
        "subject": [1, 9, 10, 1, 1, 39, 0],
        "fact": [0, 9, 10, 1, 1, 39, 0],
        "contrast": [2, 9, 10, 1, 2, 39, 1]
    }
},
{
    "instance": {
        "subject": [2, 10, 3, 1, 2, 39, 1],
        "fact": [2, 10, 4, 1, 2, 39, 1],
        "contrast": [1, 10, 3, 0, 2, 39, 0]
    }
},
{
    "instance": {
        "subject": [2, 11, 7, 1, 2, 39, 1],
        "fact": [2, 11, 8, 1, 2, 39, 1],
        "contrast": [1, 11, 7, 0, 2, 39, 0]
    }
},
{
    "instance": {
        "subject": [1, 9, 11, 0, 0, 39, 0],
        "fact": [0, 9, 11, 0, 0, 39, 0],
        "contrast": [2, 9, 11, 1, 2, 39, 1]
    }
},
{
    "instance": {
        "subject": [0, 8, 9, 0, 0, 39, 0],
        "fact": [0, 8, 8, 0, 0, 39, 0],
        "contrast": [2, 9, 9, 1, 2, 39, 1]
    }
},
{
    "instance": {
        "subject": [2, 9, 10, 1, 2, 36, 1],
        "fact": [2, 10, 10, 1, 2, 39, 1],
        "contrast": [1, 9, 10, 0, 2, 36, 0]
    }
},
{
    "instance": {
        "subject": [2, 10, 4, 1, 2, 39, 1],
        "fact": [2, 10, 5, 1, 2, 39, 1],
        "contrast": [0, 10, 4, 0, 2, 39, 0]
    }
},
{
    "instance": {
        "subject": [2, 9, 10, 1, 0, 39, 0],
        "fact": [2, 9, 10, 0, 0, 39, 0],
        "contrast": [2, 9, 10, 1, 2, 39, 1]
    }
},
{
    "instance": {
        "subject": [1, 8, 10, 0, 0, 39, 0],
        "fact": [0, 8, 10, 0, 0, 39, 0],
        "contrast": [2, 9, 10, 1, 2, 39, 1]
    }
},
{
    "instance": {
        "subject": [2, 8, 12, 1, 2, 39, 1],
        "fact": [2, 9, 12, 1, 2, 39, 1],
        "contrast": [1, 8, 12, 0, 2, 39, 0]
    }
},
{
    "instance": {
        "subject": [2, 8, 10, 0, 0, 39, 0],
        "fact": [2, 7, 10, 0, 0, 39, 0],
        "contrast": [2, 9, 10, 1, 2, 39, 1]
    }
},
{
    "instance": {
        "subject": [2, 8, 4, 1, 2, 39, 1],
        "fact": [2, 9, 4, 1, 2, 39, 1],
        "contrast": [1, 8, 4, 0, 2, 39, 0]
    }
},
{
    "instance": {
        "subject": [1, 11, 10, 1, 2, 40, 0],
        "fact": [0, 11, 10, 0, 2, 39, 0],
        "contrast": [2, 11, 10, 1, 2, 39, 1]
    }
},
{
    "instance": {
        "subject": [1, 9, 8, 1, 0, 39, 0],
        "fact": [1, 9, 8, 0, 0, 39, 0],
        "contrast": [2, 9, 8, 1, 2, 39, 1]
    }
},
{
    "instance": {
        "subject": [1, 10, 10, 0, 0, 39, 0],
        "fact": [0, 10, 10, 0, 0, 39, 0],
        "contrast": [2, 10, 10, 1, 2, 39, 1]
    }
},
{
    "instance": {
        "subject": [2, 9, 11, 1, 1, 39, 0],
        "fact": [2, 9, 11, 0, 0, 39, 0],
        "contrast": [2, 9, 11, 1, 2, 39, 1]
    }
},
{
    "instance": {
        "subject": [2, 8, 10, 1, 1, 39, 0],
        "fact": [2, 8, 10, 0, 0, 39, 0],
        "contrast": [2, 8, 10, 1, 2, 39, 1]
    }
},
{
    "instance": {
        "subject": [2, 9, 7, 1, 2, 39, 1],
        "fact": [2, 10, 7, 1, 2, 39, 1],
        "contrast": [1, 9, 7, 0, 2, 39, 0]
    }
},
{
    "instance": {
        "subject": [0, 8, 10, 1, 1, 39, 0],
        "fact": [0, 8, 10, 0, 1, 39, 0],
        "contrast": [2, 9, 10, 1, 2, 39, 1]
    }
},
{
    "instance": {
        "subject": [2, 9, 6, 1, 2, 39, 1],
        "fact": [2, 10, 6, 1, 2, 39, 1],
        "contrast": [1, 9, 6, 0, 2, 39, 0]
    }
},
{
    "instance": {
        "subject": [0, 9, 11, 0, 1, 39, 0],
        "fact": [0, 9, 11, 0, 2, 39, 0],
        "contrast": [2, 9, 11, 1, 2, 39, 1]
    }
},
{
    "instance": {
        "subject": [2, 8, 1, 1, 2, 39, 0],
        "fact": [1, 8, 1, 0, 2, 39, 0],
        "contrast": [2, 9, 2, 1, 2, 39, 1]
    }
},
{
    "instance": {
        "subject": [0, 9, 10, 1, 2, 39, 0],
        "fact": [0, 9, 10, 0, 2, 39, 0],
        "contrast": [2, 9, 10, 1, 2, 39, 1]
    }
},
{
    "instance": {
        "subject": [1, 9, 10, 0, 2, 39, 0],
        "fact": [0, 9, 10, 0, 2, 39, 0],
        "contrast": [2, 9, 10, 1, 2, 39, 1]
    }
},
{
    "instance": {
        "subject": [2, 8, 5, 1, 2, 39, 1],
        "fact": [2, 9, 5, 1, 2, 39, 1],
        "contrast": [1, 8, 5, 0, 2, 39, 0]
    }
}
]
